3
5
0.0  3.0  4.0  2.0  7.0
3.0  0.0  4.0  6.0  3.0
4.0  4.0  0.0  5.0  8.0
2.0  6.0  5.0  0.0  6.0
7.0  3.0  8.0  6.0  0.0
11
0   29  20  21  16  31  100 12  4   31  18
29  0   15  29  28  40  72  21  29  41  12
20  15  0   15  14  25  81  9   23  27  13
21  29  15  0   4   12  92  12  25  13  25
16  28  14  4   0   16  94  9   20  16  22
31  40  25  12  16  0   95  24  36  3   37
100 72  81  92  94  95  0   90  101 99  84
12  21  9   12  9   24  90  0   15  25  13
4   29  23  25  20  36  101 15  0   35  18
31  41  27  13  16  3   99  25  35  0   38
18  12  13  25  22  37  84  13  18  38  0
15
0 29 82 46 68 52 72 42 51 55 29 74 23 72 46
29  0 55 46 42 43 43 23 23 31 41 51 11 52 21
82 55  0 68 46 55 23 43 41 29 79 21 64 31 51
46 46 68  0 82 15 72 31 62 42 21 51 51 43 64
68 42 46 82  0 74 23 52 21 46 82 58 46 65 23
52 43 55 15 74  0 61 23 55 31 33 37 51 29 59
72 43 23 72 23 61  0 42 23 31 77 37 51 46 33
42 23 43 31 52 23 42  0 33 15 37 33 33 31 37
51 23 41 62 21 55 23 33  0 29 62 46 29 51 11
55 31 29 42 46 31 31 15 29  0 51 21 41 23 37
29 41 79 21 82 33 77 37 62 51  0 65 42 59 61
74 51 21 51 58 37 37 33 46 21 65  0 61 11 55
23 11 64 51 46 51 51 33 29 41 42 61  0 62 23
72 52 31 43 65 29 46 31 51 23 59 11 62  0 59
46 21 51 64 23 59 33 37 11 37 61 55 23 59  0